1 2
2 1
2 13
3 4
3 16
4 3
5 17
6 18
7 8
8 7
8 9
8 21
9 8
10 26
10 11
11 12
11 10
12 11
13 2
13 14
13 16
14 13
14 15
14 25
15 14
15 16
15 28
16 3
16 15
16 13
17 5
17 18
17 19
18 6
18 17
18 19
19 17
19 18
19 27
20 21
20 22
20 27
21 8
21 20
21 23
22 23
22 20
23 21
23 22
23 26
24 25
24 26
25 14
25 24
25 26
25 28
25 29
26 10
26 23
26 24
26 25
26 29
26 27
27 19
27 20
27 26
27 29
27 28
28 15
28 25
28 29
28 27
29 25
29 28
29 26
29 27
